{
 "cells": [
  {
   "cell_type": "markdown",
   "metadata": {},
   "source": [
    "# Data generation notebook"
   ]
  },
  {
   "cell_type": "code",
   "execution_count": 7,
   "metadata": {
    "collapsed": true
   },
   "outputs": [],
   "source": [
    "import numpy as np\n",
    "import csv"
   ]
  },
  {
   "cell_type": "code",
   "execution_count": 8,
   "metadata": {
    "collapsed": true
   },
   "outputs": [],
   "source": [
    "PROBLEM_SIZE_MAX = 20\n",
    "N_PROBLEMS = 5"
   ]
  },
  {
   "cell_type": "markdown",
   "metadata": {},
   "source": [
    "### General Idea of the project"
   ]
  },
  {
   "cell_type": "code",
   "execution_count": 9,
   "metadata": {
    "collapsed": false
   },
   "outputs": [
    {
     "name": "stdout",
     "output_type": "stream",
     "text": [
      "[[ 0.084196   -0.01182012 -0.03806683 -0.14192062  0.18464977  0.01482842\n",
      "  -0.21904056  0.22853513  0.34677541 -0.01681427  0.24904122 -0.01919535\n",
      "  -0.00537583  0.25774431 -0.32252702  0.32570027  0.35036437]\n",
      " [-0.01182012 -0.76841171  0.13005751  0.04785112 -0.41739051 -0.46991394\n",
      "  -0.05840479 -0.29197494  0.11075602 -0.18535875 -0.06426814 -0.08605475\n",
      "  -0.37509451  0.16271732 -0.59870292  0.39410989  0.19253895]\n",
      " [-0.03806683  0.13005751 -0.60444275  0.43402851 -0.01532278  0.35867906\n",
      "   0.42883767 -0.04491716 -0.36078577  0.01776537 -0.23478249  0.09971682\n",
      "   0.39259183  0.14356464  0.39821121  0.20406743  0.2021651 ]\n",
      " [-0.14192062  0.04785112  0.43402851  0.17768051 -0.23686435 -0.10320868\n",
      "   0.06328237  0.05136017  0.05396147  0.08084153 -0.1661407  -0.25773605\n",
      "   0.17088764  0.03949522  0.00147972 -0.07261796  0.00117582]\n",
      " [ 0.18464977 -0.41739051 -0.01532278 -0.23686435  0.01248244  0.01042852\n",
      "   0.41035889 -0.0352444   0.14402244  0.25876725 -0.12679447 -0.27277799\n",
      "  -0.14777093  0.09475441 -0.02686586  0.30497374  0.03994551]\n",
      " [ 0.01482842 -0.46991394  0.35867906 -0.10320868  0.01042852 -0.81534235\n",
      "  -0.02616586  0.05725269  0.27532822  0.01960926 -0.24265512  0.13069395\n",
      "  -0.66742318 -0.2011596  -0.71139773 -0.20684166  0.10049327]\n",
      " [-0.21904056 -0.05840479  0.42883767  0.06328237  0.41035889 -0.02616586\n",
      "  -0.35475873 -0.1312589  -0.04698673  0.15309238  0.36482644  0.34029539\n",
      "  -0.32017767 -0.35944276 -0.3246077  -0.36747774 -0.08278375]\n",
      " [ 0.22853513 -0.29197494 -0.04491716  0.05136017 -0.0352444   0.05725269\n",
      "  -0.1312589   0.01665484 -0.1190203   0.12174802  0.0144872   0.35907755\n",
      "  -0.15798941  0.1091581  -0.0325478   0.39271283 -0.48444144]\n",
      " [ 0.34677541  0.11075602 -0.36078577  0.05396147  0.14402244  0.27532822\n",
      "  -0.04698673 -0.1190203  -0.15505895  0.00493    -0.18327672  0.44601121\n",
      "  -0.04785019 -0.03377599  0.22604125  0.10470057 -0.32839089]\n",
      " [-0.01681427 -0.18535875  0.01776537  0.08084153  0.25876725  0.01960926\n",
      "   0.15309238  0.12174802  0.00493     0.16598159 -0.36654868 -0.04153916\n",
      "   0.29231826  0.21710887 -0.20835019 -0.15327209  0.32686575]\n",
      " [ 0.24904122 -0.06426814 -0.23478249 -0.1661407  -0.12679447 -0.24265512\n",
      "   0.36482644  0.0144872  -0.18327672 -0.36654868  0.25033238 -0.37976256\n",
      "   0.05848614  0.09572905 -0.26638189 -0.26277314  0.36225235]\n",
      " [-0.01919535 -0.08605475  0.09971682 -0.25773605 -0.27277799  0.13069395\n",
      "   0.34029539  0.35907755  0.44601121 -0.04153916 -0.37976256 -0.67466026\n",
      "   0.31492689  0.19144386  0.10474438 -0.14304867  0.5394137 ]\n",
      " [-0.00537583 -0.37509451  0.39259183  0.17088764 -0.14777093 -0.66742318\n",
      "  -0.32017767 -0.15798941 -0.04785019  0.29231826  0.05848614  0.31492689\n",
      "  -0.12742074 -0.10336964 -0.41171526  0.04720869 -0.39034489]\n",
      " [ 0.25774431  0.16271732  0.14356464  0.03949522  0.09475441 -0.2011596\n",
      "  -0.35944276  0.1091581  -0.03377599  0.21710887  0.09572905  0.19144386\n",
      "  -0.10336964 -0.10944944 -0.01772463 -0.11520645 -0.46078966]\n",
      " [-0.32252702 -0.59870292  0.39821121  0.00147972 -0.02686586 -0.71139773\n",
      "  -0.3246077  -0.0325478   0.22604125 -0.20835019 -0.26638189  0.10474438\n",
      "  -0.41171526 -0.01772463 -0.49616778 -0.09486155  0.1989228 ]\n",
      " [ 0.32570027  0.39410989  0.20406743 -0.07261796  0.30497374 -0.20684166\n",
      "  -0.36747774  0.39271283  0.10470057 -0.15327209 -0.26277314 -0.14304867\n",
      "   0.04720869 -0.11520645 -0.09486155 -0.4024571   0.06446378]\n",
      " [ 0.35036437  0.19253895  0.2021651   0.00117582  0.03994551  0.10049327\n",
      "  -0.08278375 -0.48444144 -0.32839089  0.32686575  0.36225235  0.5394137\n",
      "  -0.39034489 -0.46078966  0.1989228   0.06446378 -0.67914318]]\n",
      "[0.084195999233788815, -0.01182011883877258, -0.038066828023124846, -0.14192061928263694, 0.1846497668540589, 0.01482842344188868, -0.21904055669056194, 0.2285351345632608, 0.34677540838925874, -0.016814266262458077, 0.2490412174936607, -0.019195349124046274, -0.0053758346687498015, 0.25774431466039782, -0.32252702422429752, 0.32570026812518726, 0.3503643742713235, -0.76841170696702465, 0.13005751452079595, 0.047851118268302559, -0.41739051345034772, -0.46991393637557055, -0.058404788414812232, -0.29197493663111468, 0.11075601972839921, -0.18535874763587076, -0.064268141454993086, -0.08605474564612553, -0.37509451097936042, 0.16271732211276396, -0.59870291791705221, 0.39410988531357333, 0.19253894975753363, -0.60444274970807343, 0.43402850855061592, -0.015322781203266744, 0.35867906419848394, 0.42883767400431627, -0.044917162973729309, -0.36078577464500788, 0.017765370418580485, -0.23478248941111696, 0.099716818753934316, 0.39259182670303611, 0.14356464268550864, 0.39821120952558481, 0.2040674287559372, 0.202165101133923, 0.17768050698729598, -0.23686434579366319, -0.10320867954481393, 0.063282366041267968, 0.051360174080076225, 0.053961471621491189, 0.08084152863735522, -0.16614070227135908, -0.25773605285577827, 0.17088764384912031, 0.039495216023231507, 0.0014797224596201086, -0.072617959348165978, 0.001175816095825441, 0.012482438775946148, 0.010428524972090604, 0.41035889474754522, -0.035244395339751808, 0.14402243950815713, 0.2587672521521599, -0.12679446938757094, -0.27277799424433863, -0.14777093091992344, 0.094754413096458073, -0.026865864467742522, 0.30497373612770873, 0.039945507234918354, -0.81534235059860727, -0.026165857636071287, 0.05725269437606946, 0.27532822424090242, 0.019609262434598783, -0.24265511753476846, 0.13069394687956326, -0.66742318399423073, -0.20115960343395048, -0.71139772680342006, -0.20684166431079595, 0.10049326810455915, -0.35475873173621608, -0.13125890205043439, -0.046986730777858199, 0.1530923834244558, 0.36482643694889144, 0.34029538998434716, -0.32017767377986606, -0.35944275784288438, -0.32460770088491131, -0.36747774196865524, -0.082783753980639904, 0.016654836181680416, -0.11902029782066191, 0.12174802038919402, 0.01448719934668824, 0.35907755097430138, -0.15798941283496315, 0.1091580983160487, -0.032547802609903434, 0.39271283037962407, -0.48444144170803149, -0.15505895457501512, 0.0049299958018397434, -0.1832767229630983, 0.44601120530336424, -0.047850188853521762, -0.033775989947580118, 0.22604125340553985, 0.10470056839995777, -0.32839089054918513, 0.1659815944320559, -0.36654868161438275, -0.041539155455623984, 0.29231825654293042, 0.21710886865671011, -0.20835018685566867, -0.1532720944368143, 0.32686574898319715, 0.25033237908712014, -0.37976256188881913, 0.05848614292733309, 0.095729049194017327, -0.26638189421115077, -0.26277313844228095, 0.3622523519742889, -0.67466025739758662, 0.31492688969113747, 0.19144385846696763, 0.10474437816786819, -0.14304866961322169, 0.53941369665783323, -0.12742073946035587, -0.1033696446929023, -0.41171525663748765, 0.047208692416063437, -0.39034488587629329, -0.1094494400493108, -0.017724632509088539, -0.11520645050002072, -0.4607896561970517, -0.49616778226391489, -0.094861551570836505, 0.19892279639854882, -0.40245710337591917, 0.064463779859980433, -0.67914317642506061]\n"
     ]
    }
   ],
   "source": [
    "# generate random nums that will be our eigenvalues\n",
    "\n",
    "dim = np.random.randint(10, PROBLEM_SIZE_MAX)\n",
    "eigenvalues = np.sort(np.random.randn(dim))\n",
    "\n",
    "# get diagonal matrix from eigenvalues\n",
    "diag = np.diag(eigenvalues)\n",
    "\n",
    "#get orthogonal matrix not to compute inverse\n",
    "Q, _ = np.linalg.qr(np.random.randn(dim, dim))\n",
    "\n",
    "# construct matrix for eigenproblem M = Q*M*Q^{-1} = Q*M*Q' as Q is orthogonal\n",
    "M = np.dot(np.dot(Q, diag), np.matrix.transpose(Q))\n",
    "\n",
    "# this will be solved by LAPACK solvers\n",
    "# but now we just want to get sure, that the approach works\n",
    "eigenvalues_from_solver = np.sort(np.linalg.eig(M)[0])\n",
    "# first is our apriori answer, second is the solution to eigenproblem we generated\n",
    "np.testing.assert_array_almost_equal(eigenvalues, eigenvalues_from_solver)\n",
    "\n",
    "print(M)\n",
    "\n",
    "def to_upper_triangular(M):\n",
    "    K = []\n",
    "    for i in range(M.shape[0]):\n",
    "        K.extend(M[i][i:])\n",
    "    return K\n",
    "\n",
    "print(to_upper_triangular(M))"
   ]
  },
  {
   "cell_type": "markdown",
   "metadata": {},
   "source": [
    "### Data storage format\n",
    "\n",
    "```bash\n",
    "data.csv\n",
    "\n",
    "n_problems\n",
    "n0; eig00,eig01,eig02...eig0n0; a000,a001,a002,a003...an0n0 <br>\n",
    "n1; eig10,eig11,eig12...eig1n1; a100,a101,a102,a103...an1n1 \n",
    "...\n",
    "```\n",
    "* n0 means 'first example matrix A0 has n0*n0 dimensionality\n",
    "* eig00 means 'first egienvalue of the first example\n",
    "* a000 means 'first example matrix element in the first row, first column.\n",
    "* ...\n"
   ]
  },
  {
   "cell_type": "code",
   "execution_count": 10,
   "metadata": {
    "collapsed": false
   },
   "outputs": [],
   "source": [
    "def generate_data(problem_size_max, n_examples, type=None):\n",
    "    \n",
    "    if type == 'random_uniform_0_1':\n",
    "        eigenvalues = [np.random.uniform(size=np.random.randint(1, problem_size_max)) for i in range(n_examples)]\n",
    "    elif type == 'uniform_eigenvalues_dist':\n",
    "        raise Exception('NOT IMPLEMENTED ERROR')\n",
    "    else:\n",
    "        # standard normal distr\n",
    "        eigenvalues = [np.random.randn(np.random.randint(1, problem_size_max)) for i in range(n_examples)]\n",
    "        \n",
    "    matrices = []\n",
    "    for e in eigenvalues:\n",
    "        D = np.diag(e)\n",
    "        Q, _ = np.linalg.qr(np.random.randn(len(e),len(e)))\n",
    "        M = np.dot(np.dot(Q,D),np.matrix.transpose(Q))\n",
    "        np.testing.assert_array_almost_equal(np.sort(e), np.sort(np.linalg.eig(M)[0]))\n",
    "        #matrices.append(to_upper_triangular(M))\n",
    "        matrices.append(M.flatten())\n",
    "    return eigenvalues, matrices"
   ]
  },
  {
   "cell_type": "code",
   "execution_count": 11,
   "metadata": {
    "collapsed": false
   },
   "outputs": [],
   "source": [
    "def write_data(eigenvalues, matrices, filename='data.csv'):\n",
    "    assert len(eigenvalues) == len(matrices)\n",
    "    \n",
    "    with open(filename, 'w') as f:\n",
    "        f.write(str(N_PROBLEMS)+'\\n')\n",
    "        for e,m in zip(eigenvalues, matrices):\n",
    "            line = '{};{};{}\\n'.format(len(e), ','.join(map(str, e)), ','.join(map(str, m))) \n",
    "            f.write(line)"
   ]
  },
  {
   "cell_type": "code",
   "execution_count": 12,
   "metadata": {
    "collapsed": false
   },
   "outputs": [
    {
     "name": "stdout",
     "output_type": "stream",
     "text": [
      "Done writing 5 eigenproblems.\n"
     ]
    }
   ],
   "source": [
    "E,M = generate_data(PROBLEM_SIZE_MAX, N_PROBLEMS)\n",
    "write_data(E,M)\n",
    "print('Done writing {} eigenproblems.'.format(N_PROBLEMS))"
   ]
  }
 ],
 "metadata": {
  "kernelspec": {
   "display_name": "Python 3",
   "language": "python",
   "name": "python3"
  },
  "language_info": {
   "codemirror_mode": {
    "name": "ipython",
    "version": 3
   },
   "file_extension": ".py",
   "mimetype": "text/x-python",
   "name": "python",
   "nbconvert_exporter": "python",
   "pygments_lexer": "ipython3",
   "version": "3.5.2"
  }
 },
 "nbformat": 4,
 "nbformat_minor": 0
}
